Point(1) = {0, 0, 0, 0.002669};
Point(2) = {1, 0, 0, 0.002669};
Point(3) = {0.983131, 0.0261039, 0, 0.002669};
Line(1)={1,2}; Line(2)={2,3}; Line(3)={3,1};
Line Loop(1) = {1,2,3}; Plane Surface(1) = {1};
