Point(1) = {0, 0, 0, 0.002639};
Point(2) = {1, 0, 0, 0.002639};
Point(3) = {0.96674, 0.0256687, 0, 0.002639};
Line(1)={1,2}; Line(2)={2,3}; Line(3)={3,1};
Line Loop(1) = {1,2,3}; Plane Surface(1) = {1};
